################################################################################
# WEBOBS OVPF
#
# PROC: {PROC.CGNSSOVPF} GNSS PdF GAMIT/GLOBK
# TITLE: {\fontsize{14}{\bfVariation de distance}}: ref. SNEG
# FILENAME: BASELINES_SNEG_all.txt
#
#
# CREATED: 27-Feb-2019 08:18:50 by sysop@pitondescalumets
# COPYRIGHT: 2019, IPGP
################################################################################
#
year month day hour minute second SNEG-BORG_(cm) SNEG-DERG_(cm) SNEG-DSRG_(cm)
2018 01 02 11 59 00 158719.899183 35986.276285 128090.689773
2018 01 03 11 59 00 158720.011511 35986.429317 128090.976272
2018 01 04 11 59 00 158720.094956 35986.462668 128091.050441
2018 01 05 11 59 00 158720.056798 35986.421466 128091.076760
2018 01 06 11 59 00 158720.396185 35986.590721 128091.381098
2018 01 07 11 59 00 158720.628446 35986.483455 128091.473631
2018 01 09 11 59 00 158720.551244 35986.442256 128091.168758
2018 01 10 11 59 00 158720.771190 35986.525474 128091.529076
2018 01 11 11 59 00 158720.739759 35986.711331 128091.597084
2018 01 12 11 59 00 158720.796504 35986.666322 128091.572732
2018 01 13 11 59 00 158720.946785 35986.801915 128091.843159
2018 01 14 11 59 00 158720.760707 35986.707100 128091.596079
2018 01 15 11 59 00 158721.056822 35986.804951 128091.994381
2018 01 16 11 59 00 158721.051443 35986.749031 128091.863534
2018 01 17 11 59 00 158720.959294 35986.740174 128091.831656
2018 01 19 11 59 00 158721.110386 35986.675368 128091.946485
2018 01 20 11 59 00 158721.261657 35986.727521 128091.868675
2018 01 21 11 59 00 158721.081602 35986.730856 128091.851768
2018 01 22 11 59 00 158721.238643 35986.655974 128091.916568
2018 01 23 11 59 00 158721.394157 35986.610024 128091.916503
2018 01 24 11 59 00 158721.155579 35986.686021 128091.929109
2018 01 25 11 59 00 158720.985840 35986.722201 128091.847813
2018 01 26 11 59 00 158721.351756 35986.767727 128091.939460
2018 01 27 11 59 00 158721.220578 35986.664460 128091.969900
2018 01 28 11 59 00 158721.242007 35986.622569 128092.023652
2018 01 29 11 59 00 158721.222305 35986.625915 128091.726525
2018 01 30 11 59 00 158721.248683 35986.551080 128091.877544
2018 01 31 11 59 00 158721.076520 35986.617244 128091.713880
2018 02 01 11 59 00 158721.158369 35986.668910 128091.856602
2018 02 02 11 59 00 158721.018904 35986.665264 128091.741885
2018 02 03 11 59 00 158721.201011 35986.598014 128091.762514
2018 02 04 11 59 00 158721.216750 35986.543838 128091.807894
2018 02 05 11 59 00 158721.068424 35986.606929 128091.715752
2018 02 06 11 59 00 158721.069462 35986.582383 128091.788920
2018 02 07 11 59 00 158720.956480 35986.645398 128091.665762
2018 02 08 11 59 00 158720.882514 35986.732387 128091.671096
2018 02 09 11 59 00 158721.044181 35986.566217 128091.593481
2018 02 10 11 59 00 158720.900221 35986.570507 128091.632765
2018 02 11 11 59 00 158720.880856 35986.435125 128091.590621
2018 02 12 11 59 00 158720.623057 35986.513456 128091.570040
2018 02 13 11 59 00 158721.085275 35986.600450 128092.021237
2018 02 14 11 59 00 158721.197671 35986.631201 128091.830093
2018 02 15 11 59 00 158720.874252 35986.684649 128091.713573
2018 02 16 11 59 00 158720.996941 35986.691798 128091.767849
2018 02 17 11 59 00 158721.102161 35986.837668 128091.919121
2018 02 19 11 59 00 158721.109755 35986.724246 128091.875213
2018 02 20 11 59 00 158720.858524 35986.691302 128091.740620
2018 02 21 11 59 00 158721.202119 35986.700268 128091.933168
2018 02 22 11 59 00 158721.097508 35986.681529 128091.879871
2018 02 23 11 59 00 158721.179201 35986.726706 128091.910511
2018 02 24 11 59 00 158720.879426 35986.657302 128091.669585
2018 02 25 11 59 00 158721.087052 35986.660352 128091.911884
2018 02 26 11 59 00 158721.233733 35986.812665 128092.184305
2018 02 27 11 59 00 158721.155295 35986.805952 128092.083383
2018 02 28 11 59 00 158721.270517 35986.787728 128092.050018
2018 03 01 11 59 00 158721.275348 35986.857038 128092.239152
2018 03 02 11 59 00 158721.247993 35986.840713 128092.100916
2018 03 03 11 59 00 158721.298468 35986.880608 128092.235765
2018 03 04 11 59 00 158721.229726 35986.886730 128092.209043
2018 03 05 11 59 00 158721.274144 35986.763728 128091.994855
2018 03 06 11 59 00 158721.769806 35986.908774 128092.485153
2018 03 07 11 59 00 158722.097032 35986.932429 128092.745731
2018 03 08 11 59 00 158721.578089 35986.797295 128092.271117
2018 03 09 11 59 00 158721.507142 35986.800112 128092.247931
2018 03 10 11 59 00 158721.482159 35986.738305 128092.209856
2018 03 11 11 59 00 158721.358840 35986.808085 128092.278878
2018 03 12 11 59 00 158721.382440 35986.915137 128092.375229
2018 03 13 11 59 00 158721.741906 35986.999148 128092.475258
2018 03 14 11 59 00 158721.627255 35987.035267 128092.461003
2018 03 15 11 59 00 158721.917276 35987.090906 128092.529439
2018 03 16 11 59 00 158721.661908 35987.013223 128092.530873
2018 03 17 11 59 00 158721.859634 35986.934342 128092.517595
2018 03 18 11 59 00 158721.782785 35987.036217 128092.753836
2018 03 19 11 59 00 158721.804994 35986.872463 128092.539161
2018 03 20 11 59 00 158721.287555 35986.681021 128092.059737
2018 03 21 11 59 00 158721.737314 35986.798343 128092.339219
2018 03 22 11 59 00 158721.659214 35986.955482 128092.324202
2018 03 23 11 59 00 158721.585379 35986.903043 128092.387561
2018 03 24 11 59 00 158721.521703 35986.952060 128092.415986
2018 03 25 11 59 00 158721.650484 35986.903283 128092.499748
2018 03 26 11 59 00 158721.631407 35986.875677 128092.521296
2018 03 27 11 59 00 NaN NaN NaN
2018 03 28 11 59 00 158721.633946 35986.957805 128092.452149
2018 03 29 11 59 00 158721.596682 35986.943834 128092.449072
2018 03 30 11 59 00 158721.573622 35986.947384 128092.467411
2018 03 31 11 59 00 158721.515492 35987.008909 128092.489839
2018 04 01 11 59 00 158721.915080 35986.851555 128093.082076
2018 04 02 11 59 00 158722.007833 35986.965707 128093.434998
2018 04 03 11 59 00 158727.876596 35990.652621 128086.155215
2018 04 04 11 59 00 158728.137248 35991.152263 128086.127702
2018 04 05 11 59 00 158728.522650 35991.566114 128092.719281
2018 04 06 11 59 00 158728.686454 35991.465618 128092.690951
2018 04 07 11 59 00 158728.939709 35991.945113 128093.157858
2018 04 08 11 59 00 158729.561600 35991.854385 128093.876548
2018 04 09 11 59 00 158729.320221 35992.073363 128093.907247
2018 04 10 11 59 00 158729.682389 35992.108104 128094.146051
2018 04 11 11 59 00 158729.955504 35992.293840 128094.280064
2018 04 12 11 59 00 158730.163818 35992.061667 128094.618052
2018 04 13 11 59 00 158730.041104 35992.477929 128094.669564
2018 04 14 11 59 00 158730.364244 35992.340471 128095.139354
2018 04 15 11 59 00 158730.356401 35992.568058 128094.959209
2018 04 16 11 59 00 158730.416940 35992.580775 128095.045393
2018 04 17 11 59 00 158730.824401 35992.460901 128095.135100
2018 04 18 11 59 00 158730.633562 35992.609600 128095.335127
2018 04 19 11 59 00 158730.777223 35992.576216 128095.476793
2018 04 20 11 59 00 158730.999972 35992.567376 128095.298800
2018 04 21 11 59 00 158731.164530 35992.659117 128095.748007
2018 04 22 11 59 00 158731.133825 35992.718198 128095.901851
2018 04 23 11 59 00 158731.289272 35992.833565 128096.140731
2018 04 24 11 59 00 158731.369678 35993.226845 128096.061797
2018 04 25 11 59 00 158731.307021 35993.337371 128095.672124
2018 04 26 11 59 00 158731.706582 35993.354138 128096.367760
2018 04 27 11 59 00 158732.495633 35993.710943 128096.388857
2018 04 28 11 59 00 158731.967138 35993.826768 128094.876451
2018 04 29 11 59 00 158731.641549 35993.763930 128094.561806
2018 04 30 11 59 00 158731.568965 35993.994247 128094.608191
2018 05 01 11 59 00 158731.483461 35993.805500 128094.409233
2018 05 02 11 59 00 158731.433273 35993.893942 128093.909767
2018 05 03 11 59 00 158731.448956 35993.711299 128094.312884
2018 05 04 11 59 00 158731.488630 35993.633573 128094.213497
2018 05 05 11 59 00 158731.458704 35993.623178 128094.129336
2018 05 06 11 59 00 158731.401537 35993.611218 128094.182810
2018 05 07 11 59 00 158731.540360 35993.681920 128094.391018
2018 05 12 11 59 00 158731.693692 35993.660722 128094.375083
2018 05 13 11 59 00 158731.703612 35993.755024 128094.526677
2018 05 14 11 59 00 158731.521190 35993.752462 128094.470455
2018 05 15 11 59 00 158731.816122 35993.806029 128092.946276
2018 05 16 11 59 00 158731.846451 35993.764359 128092.798701
2018 05 17 11 59 00 158731.603847 35993.983506 128092.570615
2018 05 18 11 59 00 158731.559972 35993.834593 128092.514262
2018 05 19 11 59 00 158731.691879 35994.049336 128092.572825
2018 05 20 11 59 00 158731.887282 35993.999465 128092.951430
2018 05 21 11 59 00 158731.855276 35994.050745 128093.041751
2018 05 22 11 59 00 158731.920915 35994.096229 128092.999353
2018 05 23 11 59 00 158731.859463 35994.186061 128092.825779
2018 05 24 11 59 00 158732.079123 35994.154246 128092.842308
2018 05 25 11 59 00 158732.147210 35994.098091 128092.855983
2018 05 26 11 59 00 158732.254588 35994.152692 128093.769938
2018 05 27 11 59 00 158732.140692 35994.194055 128093.919261
2018 05 28 11 59 00 158732.314324 35994.210404 128093.829664
2018 05 29 11 59 00 158732.065279 35994.173131 128093.740389
2018 05 30 11 59 00 158732.528790 35994.081284 128094.352697
2018 05 31 11 59 00 158732.380243 35994.081637 128093.876141
2018 06 01 11 59 00 158732.367407 35994.097428 128093.895159
2018 06 02 11 59 00 158732.354880 35994.161213 128093.771119
2018 06 03 11 59 00 158732.287428 35994.286816 128093.884580
2018 06 04 11 59 00 158732.291752 35994.224531 128093.736624
2018 06 05 11 59 00 158732.389649 35994.236339 128093.534472
2018 06 06 11 59 00 158732.057155 35994.284123 128093.466969
2018 06 07 11 59 00 158732.321463 35994.122091 128093.407866
2018 06 08 11 59 00 158732.240126 35994.130498 128093.432094
2018 06 09 11 59 00 158732.250768 35994.228613 128093.452702
2018 06 10 11 59 00 158732.519998 35994.248040 128093.581899
2018 06 11 11 59 00 158732.309955 35994.156195 128093.379700
2018 06 12 11 59 00 158732.165897 35994.181481 128093.337079
2018 06 13 11 59 00 158732.304215 35994.317218 128093.527109
2018 06 14 11 59 00 158732.184662 35994.173131 128093.322662
2018 06 15 11 59 00 158732.212928 35994.190342 128093.299490
2018 06 16 11 59 00 158732.231015 35994.141771 128093.291563
2018 06 17 11 59 00 158732.132209 35994.080846 128093.275950
2018 06 18 11 59 00 158732.131561 35994.115211 128093.274667
2018 06 19 11 59 00 158732.160332 35994.047936 128093.181979
2018 06 20 11 59 00 158732.171666 35994.122961 128093.251234
2018 06 21 11 59 00 158732.132734 35994.102515 128093.208874
2018 06 22 11 59 00 158732.149639 35994.160943 128093.250453
2018 06 23 11 59 00 158732.082732 35994.118416 128093.283904
2018 06 24 11 59 00 158732.076536 35994.175001 128093.273339
2018 06 25 11 59 00 158731.882212 35994.193249 128093.192626
2018 06 26 11 59 00 158732.155797 35994.171649 128093.251853
2018 06 27 11 59 00 158732.196163 35994.139542 128093.250870
2018 06 28 11 59 00 158732.285034 35994.203680 128093.448101
2018 06 29 11 59 00 158732.318712 35994.144710 128093.328514
2018 06 30 11 59 00 158732.433910 35994.258070 128093.513014
2018 07 01 11 59 00 158732.641383 35994.378448 128093.729209
2018 07 02 11 59 00 158732.552158 35994.420552 128093.774652
2018 07 03 11 59 00 158732.803463 35994.502511 128093.961671
2018 07 04 11 59 00 158732.748038 35994.478705 128093.938663
2018 07 05 11 59 00 158732.942504 35994.595009 128094.107860
2018 07 07 11 59 00 158733.305226 35994.728948 128094.440423
2018 07 08 11 59 00 158733.327018 35994.611290 128094.415622
2018 07 09 11 59 00 158733.416736 35994.726598 128094.577087
2018 07 10 11 59 00 158733.381300 35994.724731 128094.548003
2018 07 11 11 59 00 158733.331107 35994.608137 128094.512768
2018 07 12 11 59 00 158734.617784 35995.073094 128095.449084
2018 07 13 11 59 00 158749.400593 35995.832229 128103.913590
2018 07 14 11 59 00 158749.452443 35995.812178 128103.885262
2018 07 15 11 59 00 158749.665407 35995.709700 128103.979957
2018 07 16 11 59 00 158749.672906 35995.822453 128104.088087
2018 07 17 11 59 00 158749.871792 35995.947805 128104.279148
2018 07 18 11 59 00 158750.087288 35996.012764 128104.418867
2018 07 19 11 59 00 158750.254787 35996.134775 128104.669060
2018 07 20 11 59 00 158750.383577 35996.250617 128104.825272
2018 07 22 11 59 00 158750.577312 35996.290147 128105.086004
2018 07 23 11 59 00 158750.669081 35996.405544 128105.115107
2018 07 24 11 59 00 158750.732095 35996.455086 128105.321579
2018 07 25 11 59 00 158751.015882 35996.426613 128105.419619
2018 07 26 11 59 00 158751.145419 35996.462759 128105.495283
2018 07 27 11 59 00 158751.237704 35996.381404 128105.504272
2018 07 28 11 59 00 158751.252597 35996.413999 128105.546446
2018 07 29 11 59 00 158751.290467 35996.427414 128105.603696
2018 07 30 11 59 00 158751.307875 35996.431880 128105.609114
2018 07 31 11 59 00 158751.490998 35996.473826 128105.734961
2018 08 01 11 59 00 158751.482021 35996.492197 128105.681647
2018 08 02 11 59 00 158751.458788 35996.482067 128105.670036
2018 08 03 11 59 00 158751.551561 35996.489794 128105.707763
2018 08 04 11 59 00 158751.635564 35996.446031 128105.945080
2018 08 05 11 59 00 158751.390176 35996.544854 128105.730249
2018 08 06 11 59 00 158751.317568 35996.528296 128105.675244
2018 08 07 11 59 00 158751.362917 35996.519156 128105.644675
2018 08 08 11 59 00 158751.378514 35996.535286 128105.647522
2018 08 09 11 59 00 158751.305491 35996.498750 128105.597478
2018 08 10 11 59 00 158751.369558 35996.534905 128105.695461
2018 08 11 11 59 00 158751.457165 35996.571170 128105.780205
2018 08 12 11 59 00 158751.499328 35996.585574 128105.841279
2018 08 13 11 59 00 158751.370092 35996.599097 128105.758746
2018 08 14 11 59 00 158751.317938 35996.581442 128105.642262
2018 08 15 11 59 00 158751.241098 35996.534877 128105.560022
2018 08 16 11 59 00 158751.308351 35996.554647 128105.600819
2018 08 17 11 59 00 158751.369786 35996.625355 128105.630079
2018 08 18 11 59 00 158751.216078 35996.568135 128105.619937
2018 08 19 11 59 00 158751.246153 35996.582748 128105.633447
2018 08 20 11 59 00 158751.098768 35996.590635 128105.569723
2018 08 21 11 59 00 158751.162387 35996.525664 128105.534819
2018 08 22 11 59 00 158751.133196 35996.510415 128105.451414
2018 08 23 11 59 00 158751.174749 35996.567728 128105.515956
2018 08 24 11 59 00 158751.138750 35996.642430 128105.558166
2018 08 25 11 59 00 158751.087749 35996.606057 128105.526256
2018 08 26 11 59 00 NaN NaN NaN
2018 08 27 11 59 00 158751.105491 35996.671366 128105.592419
2018 08 28 11 59 00 158751.047479 35996.651568 128105.622933
2018 08 29 11 59 00 158751.289387 35996.712742 128105.654707
2018 08 30 11 59 00 158751.228635 35996.600087 128105.564226
2018 08 31 11 59 00 158751.107517 35996.764140 128105.630721
2018 09 01 11 59 00 158751.077480 35996.680614 128105.558762
2018 09 02 11 59 00 158750.993246 35996.661661 128105.544127
2018 09 03 11 59 00 158751.109328 35996.830511 128105.624320
2018 09 04 11 59 00 158751.143422 35996.703534 128105.617664
2018 09 05 11 59 00 158751.285998 35996.828880 128105.741917
2018 09 06 11 59 00 158751.200372 35996.805522 128105.711175
2018 09 07 11 59 00 158751.266706 35996.892489 128105.690687
2018 09 08 11 59 00 158751.388261 35996.805307 128105.805623
2018 09 09 11 59 00 158751.302684 35996.737972 128105.741796
2018 09 10 11 59 00 158751.369852 35996.715048 128105.732223
2018 09 11 11 59 00 158751.395487 35996.650882 128105.830640
2018 09 12 11 59 00 158751.609809 35996.745518 128105.971740
2018 09 13 11 59 00 158751.295291 35996.682558 128105.661357
2018 09 14 11 59 00 158751.450213 35996.750056 128105.966328
2018 09 15 11 59 00 158750.386145 35996.505026 128094.415114
2018 09 16 11 59 00 158750.356392 35996.375180 128094.012910
2018 09 17 11 59 00 158750.370720 35996.329231 128093.937250
2018 09 18 11 59 00 158750.253149 35996.236983 128093.833553
2018 09 19 11 59 00 158750.274162 35996.227025 128093.889315
2018 09 20 11 59 00 158750.226174 35996.194729 128093.867627
2018 09 21 11 59 00 158750.126683 35996.171227 128093.859874
2018 09 22 11 59 00 158750.280017 35996.156331 128093.921480
2018 09 23 11 59 00 158750.307243 35996.147437 128094.010328
2018 09 24 11 59 00 158750.287187 35996.146338 128093.961417
2018 09 25 11 59 00 158750.332785 35996.165137 128093.939487
2018 09 26 11 59 00 158750.342772 35996.171410 128094.044446
2018 09 27 11 59 00 158750.352667 35996.196147 128094.060314
2018 09 28 11 59 00 158750.420576 35996.209351 128094.154445
2018 09 29 11 59 00 NaN NaN NaN
2018 09 30 11 59 00 158750.538905 35996.287398 128094.245357
2018 10 01 11 59 00 NaN NaN NaN
2018 10 02 11 59 00 158750.754076 35996.261977 128094.309817
2018 10 04 11 59 00 158750.784175 35996.252466 128094.300404
2018 10 05 11 59 00 158750.781296 35996.321733 128094.344843
2018 10 06 11 59 00 158750.781222 35996.340015 128094.319839
2018 10 07 11 59 00 158750.909861 35996.426218 128094.523477
2018 10 08 11 59 00 158750.932092 35996.387733 128094.414355
2018 10 09 11 59 00 158750.943593 35996.456486 128094.571673
2018 10 10 11 59 00 158751.009994 35996.465582 128094.596914
2018 10 11 11 59 00 158750.919787 35996.512603 128094.611368
2018 10 12 11 59 00 158751.117798 35996.420691 128094.577459
2018 10 13 11 59 00 158751.283578 35996.467055 128094.780565
2018 10 14 11 59 00 158751.210983 35996.348708 128094.650309
2018 10 15 11 59 00 158751.319188 35996.402200 128094.783682
2018 10 16 11 59 00 158751.266159 35996.608034 128094.917977
2018 10 17 11 59 00 158751.491206 35996.498145 128095.053909
2018 10 18 11 59 00 158751.539225 35996.535486 128095.051503
2018 10 19 11 59 00 158751.563210 35996.506742 128094.892875
2018 10 20 11 59 00 158751.618789 35996.473236 128095.113810
2018 10 21 11 59 00 158751.879459 35996.563088 128095.249755
2018 10 22 11 59 00 158751.480075 35996.552036 128095.117405
2018 10 23 11 59 00 158751.807523 35996.589811 128095.296978
2018 10 24 11 59 00 158751.724506 35996.576588 128095.124773
2018 10 25 11 59 00 158751.756854 35996.457547 128095.063297
2018 10 26 11 59 00 158751.732325 35996.570639 128095.140938
2018 10 27 11 59 00 158751.899137 35996.691366 128095.346995
2018 10 28 11 59 00 158751.934246 35996.615609 128095.388605
2018 10 29 11 59 00 158751.923597 35996.622970 128095.295363
2018 10 30 11 59 00 158751.865183 35996.604037 128095.251377
2018 10 31 11 59 00 158751.673083 35996.575998 128095.110942
2018 11 01 11 59 00 158751.843311 35996.657145 128095.197783
2018 11 02 11 59 00 158751.911756 35996.617631 128095.373431
2018 11 03 11 59 00 158751.909532 35996.607356 128095.378610
2018 11 04 11 59 00 158751.859154 35996.565648 128095.359345
2018 11 05 11 59 00 158751.887581 35996.563005 128095.206991
2018 11 06 11 59 00 158751.968960 35996.713749 128095.469694
2018 11 07 11 59 00 158751.840537 35996.712972 128095.394002
2018 11 08 11 59 00 158751.792345 35996.722186 128095.235806
2018 11 09 11 59 00 158751.733054 35996.634242 128095.183020
2018 11 10 11 59 00 158751.431370 35996.652774 128095.082667
2018 11 11 11 59 00 158751.604860 35996.656913 128095.046770
2018 11 12 11 59 00 158751.714517 35996.533716 128094.965445
2018 11 13 11 59 00 158751.492212 35996.639532 128095.084306
2018 11 14 11 59 00 158751.363215 35996.651590 128094.901341
2018 11 15 11 59 00 158751.420796 35996.732662 128095.047761
2018 11 16 11 59 00 158751.525901 35996.620390 128095.009772
2018 11 17 11 59 00 158751.613760 35996.716830 128095.199264
2018 11 18 11 59 00 158751.153449 35996.712839 128094.959480
2018 11 19 11 59 00 158751.843934 35996.712862 128095.373957
2018 11 20 11 59 00 158751.489099 35996.675176 128095.078437
2018 11 21 11 59 00 158751.503571 35996.643210 128094.980458
2018 11 22 11 59 00 158751.306820 35996.628024 128094.933994
2018 11 23 11 59 00 158751.392067 35996.660077 128095.046243
2018 11 24 11 59 00 158751.637263 35996.589932 128095.002764
2018 11 25 11 59 00 158751.732733 35996.523495 128095.001669
2018 11 26 11 59 00 158751.360726 35996.616065 128094.895635
2018 11 27 11 59 00 158751.241661 35996.679702 128094.918839
2018 11 28 11 59 00 158751.364611 35996.580585 128094.905378
2018 11 29 11 59 00 158751.762053 35996.706681 128095.104963
2018 11 30 11 59 00 158751.665046 35996.684823 128095.254857
2018 12 01 11 59 00 158751.562776 35996.603091 128095.118003
2018 12 02 11 59 00 158751.839616 35996.744150 128095.343047
2018 12 03 11 59 00 158752.070926 35996.940095 128095.589025
2018 12 04 11 59 00 158751.871631 35996.816993 128095.375190
2018 12 05 11 59 00 158751.909303 35996.719277 128095.228104
2018 12 06 11 59 00 158751.831481 35996.768793 128095.246590
2018 12 07 11 59 00 158751.971121 35996.710203 128095.392142
2018 12 08 11 59 00 158751.494695 35996.765153 128095.123077
2018 12 09 11 59 00 158751.771103 35996.755509 128095.141768
2018 12 10 11 59 00 158751.595514 35996.860967 128095.164405
2018 12 11 11 59 00 158751.752344 35996.712444 128095.138447
2018 12 12 11 59 00 158751.818905 35996.735082 128095.300395
2018 12 13 11 59 00 158751.765092 35996.709458 128095.218110
2018 12 14 11 59 00 158751.728315 35996.862135 128095.296409
2018 12 15 11 59 00 158751.814081 35996.844572 128095.327500
2018 12 16 11 59 00 158751.935740 35996.826504 128095.409355
2018 12 17 11 59 00 158751.816033 35996.859431 128095.449989
2018 12 18 11 59 00 158751.543338 35996.899764 128095.370570
2018 12 19 11 59 00 158751.936759 35996.792192 128095.364722
2018 12 20 11 59 00 158751.864441 35996.819827 128095.450466
2018 12 21 11 59 00 158751.869833 35996.824952 128095.337191
2018 12 22 11 59 00 158751.510298 35996.684507 128095.170517
2018 12 23 11 59 00 158751.692959 35996.638990 128095.136983
2018 12 24 11 59 00 158751.983321 35996.723217 128095.299973
2018 12 25 11 59 00 158751.865769 35996.893729 128095.290764
2018 12 26 11 59 00 158751.890482 35996.840385 128095.401113
2018 12 27 11 59 00 158751.639814 35996.777002 128095.174512
2018 12 28 11 59 00 158751.820993 35996.725887 128095.225915
2018 12 29 11 59 00 158751.778348 35996.694390 128095.389353
2018 12 30 11 59 00 158751.939458 35996.790715 128095.528701
2018 12 31 11 59 00 158751.928482 35996.767898 128095.471906
2019 01 01 11 59 00 158751.334733 35996.606654 128095.020747
2019 01 02 11 59 00 158751.812055 35996.932882 128095.805253
2019 01 03 11 59 00 158752.037281 35996.871622 128095.622259
2019 01 04 11 59 00 158751.893590 35996.696331 128095.328114
2019 01 05 11 59 00 158751.950929 35996.691838 128095.607798
2019 01 06 11 59 00 158751.608188 35996.734591 128095.346553
2019 01 07 11 59 00 158751.957266 35996.896991 128095.721715
2019 01 08 11 59 00 158751.955704 35996.873343 128095.729123
2019 01 09 11 59 00 158751.972634 35996.724161 128095.571273
2019 01 10 11 59 00 158751.915276 35996.836380 128095.598539
2019 01 11 11 59 00 158751.863904 35996.717234 128095.505327
2019 01 12 11 59 00 158751.996909 35996.750378 128095.482837
2019 01 13 11 59 00 158751.957909 35996.743531 128095.518374
2019 01 14 11 59 00 158751.958038 35996.798548 128095.514109
2019 01 15 11 59 00 158751.851976 35996.750694 128095.454163
2019 01 16 11 59 00 158751.895801 35996.785595 128095.398676
2019 01 17 11 59 00 158751.942195 35996.756168 128095.536250
2019 01 18 11 59 00 158751.937279 35996.724287 128095.150278
2019 01 19 11 59 00 158752.141281 35996.742813 128095.445060
2019 01 20 11 59 00 158751.948366 35996.784858 128095.464676
2019 01 21 11 59 00 158751.908970 35996.760052 128095.473311
2019 01 22 11 59 00 158751.897641 35996.698446 128095.478303
2019 01 23 11 59 00 158751.943152 35996.741027 128095.485875
2019 01 24 11 59 00 158752.054688 35996.717454 128095.511013
2019 01 25 11 59 00 158752.005205 35996.779687 128095.321072
2019 01 26 11 59 00 158751.891013 35996.826976 128095.679955
2019 01 27 11 59 00 158752.017324 35996.882666 128095.581614
2019 01 28 11 59 00 158751.797471 35996.837383 128095.455986
2019 01 29 11 59 00 158752.031351 35996.765114 128095.580129
2019 01 30 11 59 00 158751.837102 35996.760990 128095.416706
2019 01 31 11 59 00 158752.223680 35996.801987 128095.698064
2019 02 01 11 59 00 158752.193271 35996.816578 128095.684906
2019 02 02 11 59 00 158752.163165 35996.846223 128095.666124
2019 02 03 11 59 00 158752.294998 35996.832249 128095.714567
2019 02 04 11 59 00 158752.349348 35996.783001 128095.688379
2019 02 05 11 59 00 158752.327673 35996.885722 128096.038442
2019 02 06 11 59 00 158752.557069 35997.066773 128096.214041
2019 02 07 11 59 00 158752.550953 35996.991204 128096.113230
2019 02 08 11 59 00 158752.641401 35997.010062 128096.247703
2019 02 09 11 59 00 158752.438652 35997.040412 128096.153291
2019 02 10 11 59 00 158752.885071 35997.088685 128096.354606
2019 02 11 11 59 00 158752.936790 35997.122107 128096.340876
2019 02 12 11 59 00 158752.665534 35997.117365 128096.019610
2019 02 13 11 59 00 158753.143387 35997.359272 128096.651308
2019 02 14 11 59 00 158753.099908 35997.278733 128096.567958
2019 02 15 11 59 00 158753.147068 35997.177277 128096.585631
2019 02 16 11 59 00 158754.009609 35997.543264 128097.352239
2019 02 17 11 59 00 158754.614124 35997.661678 128097.921845
2019 02 18 11 59 00 158756.367131 35991.832608 128108.580122
2019 02 19 11 59 00 158756.802112 35990.933455 128109.361151
2019 02 20 11 59 00 158756.414358 35990.925557 128108.812592
2019 02 21 11 59 00 158756.563489 35991.017563 128109.103996
2019 02 22 11 59 00 158755.851085 35990.961819 128108.341690
2019 02 23 11 59 00 158755.874081 35991.001989 128108.319310
2019 02 24 11 59 00 158756.037926 35991.064692 128108.158243
2019 02 25 11 59 00 158755.568220 35991.035056 128107.876380
